indi0701=0.86538
indi0700=0.80000
indi0702=0.84423
indi0703=0.86538
indi0704=0.74808
indi0705=0.85192
indi0708=0.80577
indi0709=0.84808
indi0707=0.85385
indi0711=0.87308
indi0706=0.76731
indi0712=0.91731
indi0713=0.00000
indi0710=0.70577
indi0715=0.88654
indi0714=0.78846
indi0716=0.79615
indi0718=0.00000
indi0717=0.96923
indi0719=0.88462
indi0700=0.97115
indi0702=0.00000
indi0701=0.94231
indi0703=0.92885
indi0705=0.94231
indi0704=0.94231
indi0706=0.00000
indi0709=0.94615
indi0710=0.91731
indi0711=0.93654
indi0708=0.00000
indi0707=0.90962
indi0714=0.91731
indi0713=0.94038
indi0715=0.93462
indi0716=0.00000
indi0718=0.90577
indi0719=0.92885
indi0717=0.93654
indi0712=0.95000
