indi0900=0.89808
indi0901=0.84808
indi0902=0.84615
indi0903=0.81346
indi0905=0.97500
indi0907=0.83269
indi0904=0.90000
indi0908=0.00000
indi0906=0.90962
indi0910=0.00000
indi0909=0.91538
indi0911=0.86346
indi0912=0.83462
indi0915=0.95962
indi0913=0.90577
indi0914=0.88654
indi0916=0.85769
indi0917=0.75192
indi0918=0.82500
indi0919=0.89808
indi0901=0.95192
indi0900=0.95577
indi0902=0.93077
indi0903=0.95192
indi0904=0.92692
indi0905=0.94038
indi0908=0.95192
indi0906=0.92692
indi0907=0.94038
indi0910=0.95000
indi0912=0.96923
indi0911=0.94231
indi0909=0.94615
indi0914=0.91154
indi0913=0.90385
indi0915=0.90192
indi0916=0.92115
indi0917=0.96154
indi0919=0.95577
indi0918=0.96346
