indi1200=0.96923
indi1201=0.97500
indi1204=0.97500
indi1205=0.96923
indi1206=0.88654
indi1207=0.92500
indi1208=0.88654
indi1209=0.86346
indi1202=0.74808
indi1211=0.85385
indi1203=0.93269
indi1210=0.93462
indi1212=0.92115
indi1213=0.85385
indi1214=0.97115
indi1215=0.91346
indi1216=0.94615
indi1217=0.93462
indi1218=0.88077
indi1219=0.75000
indi1200=0.97115
indi1201=0.97115
indi1204=0.92692
indi1205=0.92692
indi1206=0.92692
indi1207=0.88077
indi1203=0.96538
indi1208=0.88654
indi1210=0.93462
indi1211=0.92115
indi1209=0.94038
indi1202=0.93846
indi1212=0.95192
indi1215=0.92692
indi1213=0.93269
indi1214=0.79231
indi1218=0.95192
indi1219=0.94615
indi1217=0.95962
indi1216=0.95192
