indi1801=0.97115
indi1802=0.91346
indi1803=0.94038
indi1804=0.96923
indi1805=0.95385
indi1800=0.86731
indi1808=0.96538
indi1809=0.96538
indi1810=0.97115
indi1806=0.95769
indi1807=0.92692
indi1811=0.96346
indi1812=0.95962
indi1813=0.89808
indi1814=0.87500
indi1815=0.93654
indi1816=0.95000
indi1819=0.97115
indi1817=0.88269
indi1818=0.94808
indi1801=0.94038
indi1800=0.93846
indi1802=0.95385
indi1803=0.88846
indi1805=0.00000
indi1804=0.80000
indi1807=0.95192
indi1806=0.95769
indi1810=0.94231
indi1811=0.90577
indi1809=0.93462
indi1813=0.93269
indi1808=0.93654
indi1815=0.89808
indi1816=0.95577
indi1814=0.00000
indi1818=0.94423
indi1819=0.94423
indi1812=0.90385
indi1817=0.96731
