indi0202=0.94231
indi0203=0.83269
indi0200=0.86154
indi0201=0.77308
indi0204=0.82308
indi0205=0.84038
indi0207=0.65769
indi0206=0.55192
indi0210=0.87692
indi0211=0.87692
indi0209=0.87308
indi0208=0.69808
indi0213=0.82885
indi0212=0.87500
indi0214=0.86154
indi0215=0.85962
indi0216=0.86538
indi0217=0.94808
indi0218=0.85385
indi0219=0.66346
indi0200=0.00000
indi0202=0.89231
indi0203=0.88846
indi0201=0.91731
indi0204=0.89808
indi0205=0.94038
indi0206=0.85769
indi0207=0.90962
indi0208=0.95192
indi0210=0.00000
indi0211=0.86923
indi0209=0.91731
indi0212=0.93077
indi0214=0.95962
indi0215=0.00000
indi0216=0.94615
indi0218=0.93269
indi0219=0.89231
indi0217=0.00000
indi0213=0.90000
