indi1501=0.00000
indi1500=0.95962
indi1504=0.96346
indi1505=0.93462
indi1506=0.96923
indi1502=0.96346
indi1503=0.95192
indi1507=0.95962
indi1510=0.90385
indi1509=0.96923
indi1508=0.96923
indi1512=0.95962
indi1514=0.92500
indi1515=0.92500
indi1516=0.93269
indi1517=0.96923
indi1511=0.97308
indi1513=0.91923
indi1518=0.92500
indi1519=0.97500
indi1500=0.90962
indi1501=0.96538
indi1503=0.97115
indi1502=0.96731
indi1504=0.94423
indi1505=0.96538
indi1508=0.95577
indi1506=0.93654
indi1507=0.96731
indi1511=0.94808
indi1510=0.95000
indi1509=0.94038
indi1514=0.94808
indi1513=0.00000
indi1516=0.94808
indi1517=0.96538
indi1512=0.92885
indi1519=0.93654
indi1515=0.93077
indi1518=0.94038
