indi1702=0.95962
indi1701=0.91346
indi1704=0.95962
indi1705=0.95962
indi1700=0.94038
indi1703=0.94423
indi1708=0.82692
indi1706=0.92885
indi1710=0.95000
indi1711=0.95962
indi1707=0.91731
indi1713=0.96923
indi1714=0.94808
indi1715=0.95962
indi1709=0.94808
indi1717=0.96538
indi1712=0.92885
indi1719=0.95962
indi1716=0.94423
indi1718=0.93846
indi1700=0.94231
indi1701=0.98654
indi1703=0.90577
indi1704=0.94808
indi1705=0.98654
indi1707=0.95962
indi1702=0.86731
indi1708=0.94038
indi1710=0.94423
indi1711=0.88654
indi1709=0.86923
indi1713=0.94038
indi1714=0.93654
indi1712=0.89808
indi1706=0.93462
indi1716=0.86923
indi1718=0.94423
indi1719=0.94615
indi1715=0.92308
indi1717=0.92500
