indi0100=0.89423
indi0103=0.68269
indi0101=0.77692
indi0102=0.59423
indi0104=0.75577
indi0106=0.00000
indi0105=0.85769
indi0107=0.82308
indi0108=0.84808
indi0109=0.85577
indi0110=0.75385
indi0113=0.91154
indi0111=0.87692
indi0112=0.70962
indi0115=0.00000
indi0114=0.82500
indi0117=0.00000
indi0118=0.00000
indi0116=0.63269
indi0119=0.80962
indi0100=0.00000
indi0102=0.94423
indi0101=0.93269
indi0105=0.94038
indi0103=0.88846
indi0104=0.86731
indi0106=0.94423
indi0108=0.94808
indi0109=0.00000
indi0107=0.91538
indi0111=0.00000
indi0112=0.94615
indi0110=0.91731
indi0114=0.95192
indi0113=0.87308
indi0116=0.94808
indi0115=0.90385
indi0117=0.93269
indi0118=0.94231
indi0119=0.95192
