indi1101=0.96923
indi1102=0.93462
indi1103=0.85385
indi1100=0.85000
indi1106=0.86346
indi1107=0.96923
indi1108=0.96923
indi1109=0.95962
indi1104=0.91538
indi1105=0.87692
indi1111=0.82308
indi1110=0.81923
indi1113=0.93269
indi1112=0.85385
indi1116=0.88654
indi1117=0.88654
indi1114=0.96538
indi1115=0.88846
indi1118=0.93654
indi1119=0.97308
indi1102=0.92692
indi1103=0.97115
indi1100=0.93462
indi1101=0.88077
indi1106=0.92692
indi1107=0.97115
indi1105=0.00000
indi1108=0.00000
indi1110=0.92692
indi1111=0.94615
indi1109=0.95385
indi1104=0.96346
indi1114=0.96538
indi1112=0.92692
indi1113=0.87692
indi1116=0.97115
indi1118=0.94615
indi1117=0.00000
indi1115=0.93269
indi1119=0.92500
