indi1301=0.93269
indi1300=0.96346
indi1304=0.93269
indi1302=0.95000
indi1305=0.92115
indi1303=0.92692
indi1307=0.00000
indi1309=0.96923
indi1308=0.00000
indi1310=0.93462
indi1306=0.82692
indi1311=0.76538
indi1314=0.93269
indi1312=0.89423
indi1316=0.93269
indi1315=0.96923
indi1318=0.92500
indi1319=0.93462
indi1313=0.68077
indi1317=0.94231
indi1300=0.89423
indi1303=0.93654
indi1302=0.87692
indi1304=0.94808
indi1301=0.92885
indi1306=0.92308
indi1305=0.96346
indi1308=0.90769
indi1310=0.92692
indi1307=0.93269
indi1309=0.95192
indi1312=0.93654
indi1313=0.00000
indi1311=0.95577
indi1316=0.93846
indi1317=0.92115
indi1318=0.91346
indi1314=0.94231
indi1319=0.85962
indi1315=0.90962
