indi0401=0.93269
indi0402=0.00000
indi0404=0.80577
indi0405=0.87692
indi0400=0.94615
indi0406=0.00000
indi0408=0.80577
indi0409=0.82885
indi0403=0.73269
indi0407=0.71346
indi0412=0.75577
indi0411=0.80385
indi0410=0.75962
indi0413=0.89038
indi0414=0.80000
indi0416=0.00000
indi0415=0.90192
indi0418=0.72115
indi0417=0.73077
indi0419=0.85385
indi0402=0.95962
indi0400=0.92308
indi0404=0.90577
indi0405=0.95192
indi0401=0.94231
indi0403=0.96731
indi0408=0.96346
indi0409=0.97885
indi0407=0.91923
indi0410=0.00000
indi0412=0.91731
indi0413=0.90577
indi0414=0.90577
indi0415=0.89615
indi0406=0.95000
indi0411=0.96923
indi0417=0.00000
indi0416=0.93846
indi0418=0.95385
indi0419=0.93846
