indi0802=0.96923
indi0803=0.80000
indi0804=0.84808
indi0805=0.81346
indi0800=0.83269
indi0801=0.85385
indi0806=0.84615
indi0809=0.91538
indi0807=0.84615
indi0808=0.89038
indi0812=0.80000
indi0813=0.80577
indi0810=0.81923
indi0815=0.89808
indi0814=0.00000
indi0811=0.81923
indi0816=0.92500
indi0819=0.88462
indi0817=0.95962
indi0818=0.96154
indi0800=0.96346
indi0801=0.93654
indi0803=0.86346
indi0802=0.92500
indi0804=0.95385
indi0806=0.91154
indi0807=0.91731
indi0805=0.93269
indi0809=0.87692
indi0810=0.95192
indi0811=0.00000
indi0808=0.96538
indi0812=0.93462
indi0814=0.94423
indi0813=0.93846
indi0815=0.95000
indi0816=0.98654
indi0817=0.89423
indi0818=0.00000
indi0819=0.94615
