indi0000=0.74231
indi0001=0.74423
indi0003=0.90577
indi0002=0.90577
indi0004=0.70192
indi0005=0.93654
indi0006=0.77692
indi0007=0.89423
indi0009=0.88077
indi0008=0.57500
indi0011=0.89615
indi0010=0.68269
indi0013=0.84038
indi0012=0.67885
indi0014=0.76154
indi0015=0.95000
indi0016=0.74423
indi0017=0.62692
indi0018=0.70000
indi0019=0.94231
indi0000=0.00000
indi0001=0.91154
indi0002=0.86538
indi0004=0.87885
indi0003=0.59231
indi0005=0.91154
indi0006=0.82500
indi0007=0.69808
indi0009=0.00000
indi0008=0.57885
indi0010=0.96731
indi0012=0.83269
indi0011=0.79423
indi0013=0.91154
indi0014=0.61923
indi0015=0.91538
indi0017=0.00000
indi0016=0.69615
indi0018=0.69231
indi0019=0.66154
indi0000=0.00000
indi0001=0.00000
indi0003=0.94615
indi0004=0.00000
indi0002=0.85769
indi0005=0.89231
indi0007=0.00000
indi0008=0.00000
indi0009=0.93846
indi0006=0.90577
indi0011=0.00000
indi0010=0.92885
indi0013=0.00000
indi0012=0.89615
indi0015=0.92885
indi0014=0.92308
indi0017=0.00000
indi0016=0.92115
indi0019=0.00000
indi0018=0.95385
indi0000=0.00000
indi0001=0.94231
indi0002=0.97885
indi0004=0.87115
indi0003=0.89808
indi0006=0.94615
indi0007=0.87308
indi0005=0.90577
indi0009=0.94038
indi0010=0.00000
indi0008=0.86923
indi0011=0.88077
indi0012=0.90769
indi0013=0.91154
indi0014=0.91731
indi0016=0.00000
indi0017=0.00000
indi0015=0.93846
indi0018=0.90577
indi0019=0.92115
