indi0300=0.75577
indi0301=0.59231
indi0302=0.79808
indi0303=0.68269
indi0304=0.82308
indi0306=0.80577
indi0305=0.79615
indi0308=0.00000
indi0309=0.78846
indi0307=0.91731
indi0311=0.79423
indi0310=0.80385
indi0312=0.83654
indi0313=0.86538
indi0314=0.91731
indi0317=0.75577
indi0315=0.89615
indi0318=0.00000
indi0316=0.84423
indi0319=0.85769
indi0302=0.95962
indi0301=0.93654
indi0304=0.95192
indi0305=0.97885
indi0306=0.88846
indi0307=0.91731
indi0303=0.00000
indi0308=0.90577
indi0300=0.96346
indi0311=0.94808
indi0309=0.94231
indi0312=0.00000
indi0310=0.87115
indi0313=0.93077
indi0314=0.93269
indi0315=0.93846
indi0317=0.89615
indi0316=0.94808
indi0319=0.85385
indi0318=0.90192
