indi1400=0.96923
indi1401=0.93269
indi1402=0.89615
indi1403=0.93846
indi1404=0.95769
indi1406=0.92308
indi1405=0.93462
indi1407=0.96731
indi1408=0.96346
indi1409=0.90385
indi1412=0.93269
indi1413=0.96923
indi1410=0.94423
indi1415=0.96923
indi1416=0.96923
indi1417=0.92500
indi1418=0.93269
indi1419=0.95000
indi1411=0.89423
indi1414=0.94615
indi1400=0.95192
indi1401=0.94808
indi1402=0.94231
indi1404=0.92692
indi1406=0.91731
indi1405=0.85192
indi1408=0.91346
indi1407=0.91154
indi1403=0.94615
indi1409=0.90385
indi1412=0.96538
indi1413=0.93654
indi1411=0.89615
indi1410=0.96538
indi1415=0.95192
indi1417=0.93462
indi1414=0.93269
indi1416=0.93269
indi1419=0.84038
indi1418=0.90962
