indi0601=0.75577
indi0600=0.89231
indi0602=0.87500
indi0603=0.81346
indi0606=0.84038
indi0605=0.00000
indi0608=0.84808
indi0609=0.81538
indi0610=0.80577
indi0611=0.91154
indi0604=0.78846
indi0607=0.71538
indi0612=0.92308
indi0615=0.75577
indi0616=0.91538
indi0617=0.84808
indi0614=0.00000
indi0613=0.92692
indi0619=0.92692
indi0618=0.71731
indi0602=0.93654
indi0600=0.94615
indi0601=0.95000
indi0605=0.91731
indi0606=0.93654
indi0603=0.93654
indi0607=0.00000
indi0604=0.96154
indi0608=0.90769
indi0609=0.94423
indi0612=0.95192
indi0613=0.94231
indi0610=0.92692
indi0615=0.96346
indi0616=0.97885
indi0617=0.95192
indi0618=0.95192
indi0619=0.93654
indi0611=0.95192
indi0614=0.95192
