indi0500=0.00000
indi0502=0.84808
indi0501=0.89808
indi0503=0.88846
indi0504=0.87308
indi0505=0.69615
indi0506=0.81538
indi0508=0.00000
indi0507=0.91538
indi0510=0.81923
indi0509=0.73077
indi0512=0.00000
indi0514=0.75577
indi0515=0.80577
indi0516=0.84808
indi0517=0.86538
indi0511=0.90769
indi0513=0.91538
indi0518=0.72308
indi0519=0.84231
indi0502=0.93269
indi0501=0.96923
indi0500=0.90769
indi0505=0.00000
indi0504=0.93654
indi0503=0.95192
indi0508=0.96923
indi0509=0.94231
indi0510=0.91731
indi0511=0.96346
indi0512=0.93654
indi0506=0.91346
indi0507=0.95192
indi0513=0.94615
indi0515=0.96538
indi0514=0.92885
indi0517=0.95000
indi0519=0.93654
indi0516=0.95192
indi0518=0.90385
