indi1000=0.86346
indi1001=0.90962
indi1004=0.88654
indi1005=0.92500
indi1003=0.96346
indi1002=0.92692
indi1006=0.90192
indi1008=0.00000
indi1009=0.96923
indi1007=0.87692
indi1012=0.83269
indi1013=0.92500
indi1010=0.72308
indi1011=0.84808
indi1015=0.00000
indi1014=0.90577
indi1016=0.93462
indi1019=0.90962
indi1017=0.91154
indi1018=0.86923
indi1000=0.96346
indi1001=0.92115
indi1002=0.95577
indi1003=0.96538
indi1006=0.87692
indi1007=0.96346
indi1004=0.92692
indi1005=0.92308
indi1008=0.95769
indi1009=0.93269
indi1012=0.94038
indi1010=0.85000
indi1011=0.91346
indi1013=0.93846
indi1014=0.97115
indi1015=0.92115
indi1018=0.93654
indi1019=0.93654
indi1016=0.95962
indi1017=0.96731
