indi1600=0.96923
indi1601=0.96923
indi1602=0.96346
indi1605=0.90385
indi1604=0.00000
indi1606=0.96923
indi1608=0.97115
indi1603=0.80962
indi1607=0.95769
indi1611=0.96923
indi1609=0.97692
indi1610=0.96538
indi1612=0.95000
indi1615=0.92500
indi1616=0.90962
indi1613=0.90385
indi1614=0.89423
indi1617=0.93077
indi1618=0.82692
indi1619=0.94808
indi1600=0.96538
indi1601=0.93077
indi1603=0.95192
indi1604=0.90577
indi1605=0.94423
indi1607=0.89423
indi1608=0.93269
indi1602=0.95962
indi1609=0.89808
indi1610=0.92692
indi1612=0.96731
indi1611=0.93654
indi1614=0.96538
indi1615=0.94231
indi1616=0.95000
indi1617=0.96538
indi1613=0.94615
indi1606=0.88654
indi1618=0.95577
indi1619=0.95769
