indi0101=0.55962
indi0100=0.44808
indi0102=0.61346
indi0103=0.51346
