indi1800=0.76613
indi1801=0.76613
indi1802=0.71973
indi1803=0.68053
