indi0800=0.74615
indi0801=0.71885
indi0802=0.74615
indi0803=0.71885
