indi1302=0.61147
indi1300=0.57692
indi1301=0.66538
indi1303=0.68654
