indi0300=0.47500
indi0301=0.37115
indi0302=0.32500
indi0303=0.70769
