indi1400=0.71973
indi1401=0.76613
indi1402=0.76613
indi1403=0.76613
