indi0900=0.71885
indi0901=0.74615
indi0903=0.74615
indi0902=0.56154
