indi1200=0.43077
indi1203=0.59197
indi1201=0.49423
indi1202=0.69038
