indi1702=0.76613
indi1703=0.76613
indi1700=0.59038
indi1701=0.41154
