indi0600=0.74615
indi0601=0.74615
indi0602=0.62692
indi0603=0.63462
