indi0400=0.74615
indi0401=0.58269
indi0402=0.30192
indi0403=0.48269
