indi1600=0.76613
indi1601=0.76613
indi1603=0.71973
indi1602=0.69615
