indi1002=0.74615
indi1003=0.71885
indi1000=0.67692
indi1001=0.42885
