indi0700=0.56538
indi0701=0.61346
indi0702=0.58846
indi0703=0.42885
