indi1500=0.76613
indi1501=0.76613
indi1502=0.76613
indi1503=0.76613
