indi1100=0.59197
indi1102=0.71885
indi1103=0.74615
indi1101=0.63269
