indi0502=0.74327
indi0503=0.74615
indi0500=0.36538
indi0501=0.65000
