indi1001=0.60962
indi1000=0.68654
