indi0500=0.72692
indi0501=0.65385
