indi1100=0.58269
indi1101=0.80192
