indi0701=0.65192
indi0700=0.77308
