indi1800=0.74615
indi1801=0.83269
