indi1700=0.83269
indi1701=0.74615
