indi1400=0.78846
indi1401=0.80192
