indi0100=0.72692
indi0101=0.51346
