indi1600=0.83269
indi1601=0.47308
