indi0401=0.66154
indi0400=0.50769
