indi0200=0.51346
indi0201=0.65577
