indi0801=0.65962
indi0800=0.78269
