indi0001=0.00000
indi0000=0.00000
indi0000=0.47692
indi0002=0.66923
indi0001=0.75769
indi0000=0.58654
indi0001=0.75385
