indi0900=0.69231
indi0901=0.76731
