indi0300=0.72692
indi0301=0.49615
