indi1200=0.69231
indi1201=0.76731
