indi0600=0.71923
indi0601=0.76538
