indi1300=0.65962
indi1301=0.78846
