indi1500=0.47308
indi1501=0.83269
