indi0102=0.93846
indi0103=0.92692
indi0104=0.92308
indi0101=0.97115
indi0105=0.78654
indi0100=0.85577
indi0108=0.92692
indi0109=0.94808
indi0106=0.89808
indi0107=0.91923
indi0110=0.93077
indi0111=0.88846
indi0112=0.94423
indi0113=0.90769
indi0115=0.93269
indi0117=0.92308
indi0118=0.85385
indi0119=0.93462
indi0116=0.91346
indi0114=0.89038
indi0120=0.92885
indi0121=0.89808
indi0122=0.89808
indi0123=0.89038
indi0126=0.93462
indi0127=0.87885
indi0125=0.91154
indi0128=0.92308
indi0124=0.87692
indi0129=0.95385
indi0131=0.90192
indi0130=0.94423
indi0132=0.90000
indi0134=0.00000
indi0133=0.92692
indi0100=0.88654
indi0101=0.92885
indi0102=0.85385
indi0103=0.87885
indi0104=0.89231
indi0105=0.93846
indi0106=0.93462
indi0107=0.89231
indi0108=0.93654
indi0109=0.94808
indi0110=0.92500
indi0111=0.87885
indi0112=0.91923
indi0113=0.92308
indi0114=0.95962
indi0115=0.92308
indi0116=0.98077
indi0117=0.95192
indi0118=0.92692
indi0119=0.89231
indi0120=0.90769
indi0121=0.91923
indi0122=0.91923
indi0123=0.93462
indi0124=0.93846
indi0125=0.89808
indi0126=0.89808
indi0127=0.89231
indi0128=0.88654
indi0129=0.92692
indi0130=0.92692
indi0131=0.90000
indi0132=0.92115
indi0133=0.91923
indi0134=0.90000
indi0135=0.89231
indi0136=0.93462
indi0137=0.93462
indi0138=0.95962
indi0139=0.92308
indi0101=0.89423
indi0102=0.00000
indi0100=0.84038
indi0103=0.93846
indi0104=0.94231
indi0105=0.91538
indi0106=0.88846
indi0107=0.93846
indi0108=0.91538
indi0109=0.00000
indi0100=0.88654
indi0101=0.92885
indi0102=0.85385
indi0103=0.87885
indi0104=0.89231
indi0105=0.93846
indi0106=0.93462
indi0107=0.89231
indi0108=0.93654
indi0109=0.94808
indi0110=0.92500
indi0111=0.87885
indi0112=0.91923
indi0113=0.92308
indi0114=0.95962
indi0115=0.92308
indi0116=0.98077
indi0117=0.95192
indi0118=0.92692
indi0119=0.89231
indi0120=0.90769
indi0121=0.91923
indi0122=0.91923
indi0123=0.93462
indi0124=0.93846
indi0125=0.89808
indi0126=0.89808
indi0127=0.89231
indi0128=0.88654
indi0129=0.92692
indi0130=0.92692
indi0131=0.90000
indi0132=0.92115
indi0133=0.91923
indi0134=0.90000
indi0135=0.89231
indi0136=0.93462
indi0137=0.93462
indi0138=0.95962
indi0139=0.92308
indi0101=0.93654
indi0100=0.86731
indi0102=0.93077
indi0103=0.85577
indi0104=0.82692
indi0105=0.87692
indi0106=0.90000
indi0107=0.00000
indi0108=0.88077
indi0109=0.96154
indi0111=0.00000
indi0112=0.84038
indi0110=0.95577
indi0113=0.85192
indi0115=0.95577
indi0114=0.94615
indi0117=0.91923
indi0118=0.00000
indi0116=0.94808
indi0119=0.95769
indi0120=0.90192
indi0121=0.88654
indi0122=0.89808
indi0123=0.94231
indi0125=0.88269
indi0124=0.86154
indi0126=0.95000
indi0127=0.94038
indi0128=0.91538
indi0129=0.85385
indi0130=0.00000
indi0131=0.93462
indi0132=0.95962
indi0134=0.93462
indi0135=0.90000
indi0133=0.96154
indi0136=0.93269
indi0137=0.94038
indi0138=0.93654
indi0139=0.92115
