indi0001=0.00000
indi0000=0.92115
indi0003=0.92308
indi0002=0.98077
indi0005=0.00000
indi0006=0.00000
indi0004=0.92308
indi0008=0.00000
indi0009=0.00000
indi0010=0.95192
indi0011=0.00000
indi0012=0.00000
indi0007=0.92692
indi0014=0.00000
indi0013=0.92692
indi0015=0.87885
indi0017=0.85385
indi0016=0.92885
indi0019=0.92115
indi0018=0.92500
indi0020=0.94615
indi0022=0.95577
indi0021=0.92885
indi0024=0.91923
indi0023=0.96731
indi0026=0.88846
indi0025=0.90000
indi0028=0.92885
indi0027=0.95962
indi0029=0.89231
indi0030=0.90000
indi0032=0.91923
indi0031=0.92308
indi0033=0.96731
indi0034=0.90769
indi0036=0.89231
indi0037=0.00000
indi0035=0.89231
indi0038=0.00000
indi0039=0.91731
indi0001=0.00000
indi0000=0.97115
indi0003=0.00000
indi0004=0.00000
indi0005=0.00000
indi0006=0.89808
indi0007=0.00000
indi0008=0.94038
indi0002=0.93462
indi0010=0.92692
indi0009=0.89231
indi0012=0.00000
indi0011=0.92500
indi0013=0.93846
indi0015=0.95385
indi0016=0.00000
indi0014=0.94231
indi0018=0.00000
indi0019=0.00000
indi0020=0.00000
indi0017=0.90769
indi0021=0.88654
indi0022=0.93462
indi0023=0.94808
indi0025=0.00000
indi0026=0.00000
indi0024=0.87885
indi0027=0.93846
indi0029=0.00000
indi0030=0.00000
indi0031=0.00000
indi0028=0.93077
indi0032=0.94038
indi0033=0.94808
indi0035=0.93654
indi0034=0.84231
indi0036=0.92115
indi0037=0.00000
indi0038=0.00000
indi0039=0.93462
