indi0200=0.55000
indi0201=0.55000
indi0202=0.55000
indi0203=0.67500
