indi0700=0.55000
indi0701=0.50000
indi0702=0.67500
indi0703=0.55000
