indi0300=0.55000
indi0302=0.67500
indi0303=0.55000
indi0301=0.50000
