indi0000=0.00000
indi0001=0.00000
indi0000=0.00000
indi0001=0.00000
indi0000=0.00000
indi0000=0.00000
indi0001=0.00000
indi0002=0.00000
indi0003=0.00000
indi0004=0.00000
indi0000=0.00000
indi0001=0.00000
indi0000=0.00000
indi0000=0.00000
indi0001=0.00000
indi0002=0.00000
indi0000=0.00000
indi0001=0.00000
indi0000=0.00000
indi0000=0.20192
indi0001=0.20192
indi0002=0.20192
indi0003=0.25000
indi0004=0.20192
indi0005=0.24615
indi0006=0.00000
indi0007=0.20192
indi0008=0.20192
indi0009=0.20385
indi0010=0.20192
indi0011=0.20192
