indi1001=0.58654
indi1002=0.58654
indi1003=0.55000
indi1000=0.00000
