indi0800=0.55000
indi0801=0.67500
indi0802=0.55000
indi0803=0.55000
