indi0600=0.55000
indi0601=0.55000
indi0602=0.55000
indi0603=0.67500
