indi0502=0.55000
indi0503=0.55000
indi0500=0.59808
indi0501=0.67115
indi0500=0.55000
indi0501=0.67500
indi0502=0.55000
indi0503=0.55000
indi0500=0.55000
indi0501=0.55000
indi0502=0.55000
indi0503=0.48654
