indi0902=0.55000
indi0903=0.55000
indi0900=0.58462
indi0901=0.58654
