indi0100=0.45769
indi0101=0.55000
indi0102=0.67500
indi0103=0.61154
