indi0400=0.55000
indi0401=0.67500
indi0402=0.55000
indi0403=0.55000
