indi1001=0.84615
indi1000=0.78462
indi1004=0.87308
indi1005=0.87885
indi1003=0.00000
indi1002=0.89231
indi1006=0.90192
indi1007=0.86538
indi1008=0.91538
indi1009=0.92500
indi1012=0.93654
indi1013=0.89423
indi1014=0.93654
indi1011=0.00000
indi1016=0.89423
indi1015=0.00000
indi1010=0.87115
indi1019=0.85000
indi1018=0.00000
indi1017=0.89808
