indi1300=0.00000
indi1302=0.84808
indi1303=0.88654
indi1305=0.94038
indi1301=0.86346
indi1304=0.71923
indi1307=0.00000
indi1306=0.88654
indi1310=0.87115
indi1311=0.94808
indi1308=0.87115
indi1309=0.80577
indi1312=0.89038
indi1313=0.92500
indi1316=0.85577
indi1317=0.91346
indi1314=0.85385
indi1315=0.93462
indi1318=0.90769
indi1319=0.91731
