indi1701=0.93077
indi1700=0.92500
indi1703=0.81923
indi1705=0.83269
indi1706=0.94808
indi1707=0.84808
indi1708=0.88077
indi1709=0.89423
indi1710=0.88077
indi1711=0.84808
indi1702=0.87308
indi1704=0.83269
indi1712=0.91346
indi1713=0.89038
indi1716=0.89423
indi1717=0.91154
indi1715=0.00000
indi1719=0.85000
indi1714=0.91154
indi1718=0.89231
