indi0200=0.85192
indi0201=0.85192
indi0202=0.00000
indi0203=0.81923
indi0206=0.84808
indi0207=0.89808
indi0208=0.81346
indi0209=0.81154
indi0204=0.91154
indi0205=0.90962
indi0211=0.90385
indi0210=0.79038
indi0214=0.67692
indi0215=0.89808
indi0212=0.84423
indi0213=0.82692
indi0218=0.67692
indi0219=0.85192
indi0216=0.90577
indi0217=0.89423
