indi0701=0.88269
indi0700=0.86923
indi0704=0.93077
indi0705=0.94038
indi0706=0.89615
indi0702=0.84615
indi0703=0.88654
indi0708=0.86731
indi0710=0.89423
indi0711=0.87692
indi0707=0.89615
indi0712=0.00000
indi0714=0.93077
indi0713=0.89615
indi0716=0.83462
indi0717=0.89423
indi0709=0.89808
indi0718=0.00000
indi0719=0.90962
indi0715=0.91538
