indi1200=0.87308
indi1201=0.89038
indi1202=0.87885
indi1203=0.90192
indi1204=0.87500
indi1207=0.89038
indi1205=0.91346
indi1209=0.92692
indi1206=0.88269
indi1208=0.67885
indi1211=0.93846
indi1210=0.83077
indi1213=0.88654
indi1212=0.83269
indi1214=0.88269
indi1217=0.00000
indi1215=0.89038
indi1216=0.92115
indi1218=0.91346
indi1219=0.85577
