indi1102=0.87308
indi1103=0.94038
indi1100=0.94808
indi1101=0.89231
indi1105=0.00000
indi1104=0.89808
indi1106=0.86923
indi1107=0.88654
indi1108=0.92885
indi1110=0.00000
indi1109=0.84423
indi1112=0.00000
indi1114=0.87308
indi1115=0.93077
indi1116=0.94038
indi1113=0.81538
indi1111=0.91731
indi1118=0.90192
indi1119=0.94038
indi1117=0.89615
