indi0100=0.00000
indi0103=0.81154
indi0102=0.81346
indi0101=0.89038
indi0105=0.79038
indi0104=0.86154
indi0107=0.00000
indi0106=0.89808
indi0108=0.85769
indi0109=0.85192
indi0111=0.79615
indi0112=0.00000
indi0113=0.00000
indi0110=0.66731
indi0114=0.00000
indi0115=0.75769
indi0118=0.90385
indi0119=0.82885
indi0116=0.73846
indi0117=0.84808
