indi0300=0.89423
indi0302=0.00000
indi0304=0.89808
indi0305=0.85192
indi0301=0.91154
indi0303=0.87500
indi0306=0.91923
indi0307=0.60577
indi0308=0.93654
indi0309=0.76154
indi0312=0.85192
indi0310=0.82115
indi0314=0.89423
indi0311=0.81346
indi0313=0.90769
indi0315=0.79423
indi0318=0.81923
indi0319=0.84808
indi0316=0.85769
indi0317=0.87308
