indi0000=0.00000
indi0001=0.00000
indi0000=0.00000
indi0001=0.00000
indi0002=0.85000
indi0003=0.81731
indi0005=0.81154
indi0004=0.81731
indi0006=0.79615
indi0007=0.72692
indi0008=0.00000
indi0010=0.00000
indi0011=0.00000
indi0012=0.86923
indi0009=0.82885
indi0013=0.90385
indi0014=0.87885
indi0015=0.84808
indi0016=0.00000
indi0017=0.00000
indi0018=0.00000
indi0019=0.00000
indi0001=0.00000
indi0002=0.00000
indi0000=0.00000
indi0003=0.00000
indi0005=0.00000
indi0006=0.84038
indi0007=0.00000
indi0004=0.88077
indi0009=0.83846
indi0010=0.00000
indi0008=0.76731
indi0011=0.77500
indi0013=0.00000
indi0012=0.74808
indi0014=0.77885
indi0016=0.00000
indi0015=0.89808
indi0018=0.94038
indi0019=0.00000
indi0017=0.67692
