indi0900=0.93654
indi0902=0.00000
indi0901=0.86346
indi0905=0.93654
indi0906=0.93654
indi0904=0.00000
indi0908=0.87308
indi0903=0.90385
indi0907=0.88654
indi0910=0.00000
indi0909=0.89038
indi0911=0.89615
indi0914=0.94038
indi0915=0.85769
indi0916=0.87308
indi0917=0.93077
indi0918=0.81346
indi0913=0.87885
indi0912=0.93846
indi0919=0.90000
