indi1401=0.80577
indi1400=0.91154
indi1403=0.87115
indi1405=0.93846
indi1402=0.84231
indi1404=0.89808
indi1406=0.85192
indi1407=0.87500
indi1408=0.88654
indi1411=0.93846
indi1409=0.88077
indi1410=0.87500
indi1414=0.85385
indi1415=0.91731
indi1416=0.00000
indi1417=0.89423
indi1418=0.84808
indi1413=0.89231
indi1412=0.84808
indi1419=0.88077
