indi0601=0.87500
indi0603=0.89423
indi0602=0.00000
indi0600=0.93077
indi0606=0.84615
indi0607=0.89615
indi0604=0.90769
indi0608=0.00000
indi0610=0.87692
indi0605=0.83462
indi0612=0.87500
indi0613=0.89423
indi0609=0.91346
indi0611=0.87885
indi0615=0.00000
indi0614=0.86538
indi0617=0.00000
indi0616=0.90385
indi0618=0.89423
indi0619=0.85000
