indi1602=0.84231
indi1603=0.84808
indi1604=0.84808
indi1601=0.93654
indi1600=0.82692
indi1606=0.94231
indi1605=0.78846
indi1607=0.00000
indi1610=0.88654
indi1608=0.91346
indi1609=0.88077
indi1611=0.84231
indi1614=0.88654
indi1615=0.91154
indi1612=0.84615
indi1616=0.00000
indi1618=0.91346
indi1619=0.84231
indi1613=0.94038
indi1617=0.90962
