indi0501=0.00000
indi0500=0.90962
indi0502=0.87308
indi0503=0.77115
indi0505=0.80962
indi0504=0.89423
indi0507=0.92692
indi0506=0.82885
indi0508=0.85385
indi0510=0.91731
indi0512=0.85192
indi0511=0.00000
indi0509=0.89615
indi0513=0.81154
indi0514=0.87692
indi0515=0.87500
indi0518=0.90962
indi0519=0.85769
indi0516=0.88462
indi0517=0.84615
