indi1502=0.88077
indi1503=0.89615
indi1501=0.87500
indi1500=0.85577
indi1504=0.90769
indi1505=0.90192
indi1506=0.84231
indi1508=0.00000
indi1510=0.88654
indi1511=0.85385
indi1512=0.92115
indi1507=0.88654
indi1513=0.00000
indi1509=0.87692
indi1516=0.93846
indi1517=0.88654
indi1514=0.89808
indi1515=0.91923
indi1518=0.84231
indi1519=0.74038
