indi1800=0.90962
indi1801=0.84231
indi1802=0.88077
indi1803=0.84808
indi1804=0.84231
indi1806=0.00000
indi1808=0.92115
indi1809=0.89808
indi1810=0.91154
indi1811=0.88077
indi1812=0.92115
indi1813=0.89808
indi1807=0.92885
indi1815=0.83269
indi1816=0.92115
indi1814=0.00000
indi1805=0.83654
indi1817=0.85000
indi1818=0.87308
indi1819=0.87308
