indi0400=0.00000
indi0401=0.90192
indi0404=0.90962
indi0405=0.89423
indi0402=0.91731
indi0403=0.82692
indi0408=0.85769
indi0409=0.90385
indi0406=0.85769
indi0407=0.90000
indi0412=0.87500
indi0411=0.00000
indi0413=0.00000
indi0414=0.00000
indi0410=0.87115
indi0416=0.87500
indi0415=0.91538
indi0419=0.81346
indi0418=0.00000
indi0417=0.93654
