indi0800=0.89615
indi0801=0.93077
indi0804=0.87692
indi0805=0.86923
indi0803=0.00000
indi0806=0.00000
indi0802=0.93269
indi0807=0.87692
indi0808=0.87308
indi0809=0.85577
indi0810=0.92500
indi0813=0.85769
indi0811=0.84808
indi0812=0.88846
indi0816=0.82885
indi0814=0.92308
indi0815=0.92692
indi0818=0.00000
indi0819=0.90000
indi0817=0.85769
